A f1    111110000100011111010111110001001101000110100110001001101111100010011011111001111101110011011101110011000010011011111000100110111110001001101110001110110001001101111100010011011111000100110011000111111000100110111110100111100100110111110001001101111100010011011111011111101111101011101110011000010011011111000111011001011011111000100110111110001001101111100010110100001101111100010011011111000100110111110100111100100110
111110001000110011000111110001001101111100111110111001101111100010011011111000101100011101011111011101011100011011111000100110111110001001101111101001101111001101111100010011011111000100110111011100110000100110111110001110110010110111110001001101111100010011011111000111000011100011111011101011100011011111000100110111101111111000100110111110001001101111100010011111110001111100010011011111000100110111110001110110010110
A f3    0111011100110001001101111100010110001110101111100010011011111000100111110011011111000111011111010011111000100110111110001001101111100011101111100101111100010011011111000100110111110111010111000110111110001001101111011111110001001101111100010011011111000100110100011010011000111011111010011111000100110111110011100000100110111110001001101111100010011011000001001100010011011111000100110111110001001101111011
111011011101011100110111110001001111100110111110001001101111100010011011000101111100010011011100011101100010011011111000100110111110001001101110001011110001001101111100010011011111000111011111010011111000100110111110011100000100110111110001001101111100010011011111001111101110011011100011101100010011011111000101101000011011111000100110111110001001101111110000110111001101111100010011011111000100110111110011100000100110

111110111111011111010111110001001101100010111110001001101111100010011011111100111100010011011111010011011110011011111000100110111110001001101111101001111001001101111100010011011111000100110111000111011000100110111110001011010000110111110001001101111100010011011111000101100011101011111010011011110011011111000100111111100011111000100110111110001001101111100001000111110101111100010011011111000100110111110001011010000110
111110001110000111000111110001001101111110011110001001101111100010011011111000010110010011011111000111011111001011111000100110111110001001101111100011101100101101111100010011011111000100110111110100110111100110111110001001111111000111110001001101111100010011011111000100111110011011111000111011111001011111000100110110000010011000100110111110001001101111100010001100110001111100010011011111000100110111110001001111111000
100011010011000100110111110000101100100110111110001001101111100010001111101101111100010011011100010111100010011011111000100110111110001001101111011111110001001101111100010011011111000111011111001011111000100110110000010011000100110111110001001101111100010011011000101111100010011011100010111100010011011111100001101110011011111000100110111110001001100111011100110001001101111100010011011111000100110110000010011000100110
111110011111011100110111110001000111110110111110001001101111100010011001100011111100010011011111010011110010011011111000100110111110001001101111100111000001001101111100010011011111000100110111000101111000100110111111000011011100110111110001001101111100010011011111100111100010011011111010011110010011011111000010001111101011111000100110111110001001101110110111010111001101111100010011011111000100110111111000011011100110

111110001011000111010111110001001100110001111110001001101111100010011011101110011000010011011111000111011001011011111000100110111110001001101111100010110100001101111100010011011111000100110111110100111100100110111110000100011111010111110001001101111100010011011111000010110010011011111000111011001011011111000100011001100011111000100110111110001001101111101111110111110101111100010011011111000100110111110000100011111010
111110001001111100110111110001001101110111001100001001101111100010011011111011101011100011011111000100110111101111111000100110111110001001101111100010011111110001111100010011011111000100110111110001110110010110111110001000110011000111110001001101111100010011011111000100011111011011111000100110111101111111000100110011101110011000100110111110001001101111100011100001110001111100010011011111000100110111110001000110011000
110001011111000100110111110111010111000110111110001001101111100011101111101001111100010011011111001110000010011011111000100110111110001001101100000100110001001101111100010011011111000100110111101111111000100110011101110011000100110111110001001101111100010011001100011111100010011011111001110000010011011101101110101110011011111000100110111110001001101000110100110001001101111100010011011111000100110011101110011000100110
C f4    111111001111000100110111110001110111110100111110001001101111100010011011100011101100010011011111000101101000011011111000100110111110001001101111110000110111001101111100010011011111000100110111110011100000100110111011011101011100110111110001001101111100010011011101110011000010011011111000101101000011011111011111101111101011111000100110111110001001101111100111110111001101111100010011011111000100110111011011101011100110

111110000101100100110111110001001101110001110110001001101111100010011011111010011011110011011111000100111111100011111000100110111110001001101111100001000111110101111100010011011111000100110111110001011010000110111110111111011111010111110001001101111100010011011111011101011100011011111000100111111100011111000111000011100011111000100110111110001001101111100010110001110101111100010011011111000100110111110111111011111010
111110001000111110110111110001001101111101001101111001101111100010011011111000111011111001011111000100110110000010011000100110111110001001101111100010001100110001111100010011011111000100110111110001001111111000111110001110000111000111110001001101111100010011011111000111011111010011111000100110110000010011000100110100011010011000100110111110001001101111100010011111001101111100010011011111000100110111110001110000111000
011000111111000100110111110001110111110010111110001001101111100010011011100010111100010011011111100001101110011011111000100110111110001001100111011100110001001101111100010011011111000100110110000010011000100110100011010011000100110111110001001101111100010011011100011101100010011011111100001101110011011111001111101110011011111000100110111110001001101100010111110001001101111100010011011111000100110100011010011000100110
111011100110000100110111110001001101110001011110001001101111100010011011111010011110010011011111000010001111101011111000100110111110001001101110110111010111001101111100010011011111000100110111111000011011100110111110011111011100110111110001001101111100010011011111010011011110011011111000010001111101011111000101100011101011111000100110111110001001101111110011110001001101111100010011011111000100110111110011111011100110

111110111010111000110111110001001101111101001111001001101111100010011011111000111011001011011111000100011001100011111000100110111110001001101111101111110111110101111100010011011111000100110111110000100011111010111110001011000111010111110001001101111100010011011111000111011111001011111000100011001100011111000100111110011011111000100110111110001001101111100001011001001101111100010011011111000100110111110001011000111010
E f3    111110001110111110100111110001001101111100011101100101101111100010011011111000100110111101111111000100110011101110011000100110111110001001101111100011100001110001111100010011011111000100110111110001000110011000111110001001111100110111110001001101111100010011011111000100110111000101111000100110011101110011000100110110001011111000100110111110001001101111100010001111101101111100010011011111000100110111110001001111100110
1110001110110001001101111100010011011110111111100010011011111000100110111110011100000100110111011011101011100110111110001001101111100010011010001101001100010011011111000100110111110001001100111011100110001001101100010111110001001101111100010011011111000100110111110100111100100110111011011101011100110111111001111000100110111110001001101111100010011001100011111100010011011111000100110111110001001101100010

F f1    111110100110111100110111110001001101111100111000001001101111100010011011111000101101000011011111011111101111101011111000100110111110001001101111100111110111001101111100010011011111000100110111011011101011100110111111001111000100110111110001001101111100010011011111000111011001011011111011111101111101011111000010110010011011111000100110111110001001101110111001100001001101111100010011011111000100110111111001111000100110
111110001110111110010111110001001101111100010110100001101111100010011011111000100111111100011111000111000011100011111000100110111110001001101111100010110001110101111100010011011111000100110111110111111011111010111110000101100100110111110001001101111100010011011111000100110111101111111000111000011100011111000100011111011011111000100110111110001001101111101110101110001101111100010011011111000100110111110000101100100110
F f3    1110001011110001001101111100010011111110001111100010011011111000100110110000010011000100110100011010011000100110111110001001101111100010011111001101111100010011011111000100110111110001110000111000111110001000111110110111110001001101111100010011011111000100110111110011100000100110100011010011000100110011000111111000100110111110001001101111100011101111101001111100010011011111000100110111110001000111110110

1111101001111001001101111100010011011000001001100010011011111000100110111111000011011100110111110011111011100110111110001001101111100010011011000101111100010011011111000100110111110001001101000110100110001001100110001111110001001101111100010011011111000100110111110001011010000110111110011111011100110111011100110000100110111110001001101111100010011011100011101100010011011111000100110111110001001100110001
111110001110110010110111110001001101111110000110111001101111100010011011111000010001111101011111000101100011101011111000100110111110001001101111110011110001001101111100010011011111000100110111110011111011100110111011100110000100110111110001001101111100010011011111000100111111100011111000101100011101011111011101011100011011111000100110111110001001101111101001101111001101111100010011011111000100110111011100110000100110
1111011111110001001101111100001000111110101111100010011011111000100011001100011111000100111110011011111000100110111110001001101111100001011001001101111100010011011111000100110111110001011000111010111110111010111000110111110001001101111100010011011111000100110110000010011000100111110011011111000111011111010011111000100110111110001001101111100011101111100101111100010011011111000100110111110111010111000110
1111100111000001001101111100010001100110001111100010011011111000100110011101110011000100110110001011111000100110111110001001101111100010001111101101111100010011011111000100110111110001001111100110111110001110111110100111110001001101111100010011011111000100110111111000011011100110110001011111000100110111000111011000100110111110001001101111100010011011100010111100010011011111000100110111110001110111110100

111110001011010000110111110001001100111011100110001001101111100010011011101101110101110011011111100111100010011011111000100110111110001001100110001111110001001101111100010011011111000100110110001011111000100110111000111011000100110111110001001101111100010011011111000010001111101011111100111100010011011111010011011110011011111000100110111110001001101111101001111001001101111100010011011111000100110111000111011000100110
111110001001111111000111110001001101110110111010111001101111100010011011111011111101111101011111000010110010011011111000100110111110001001101110111001100001001101111100010011011111000100110111111001111000100110111110100110111100110111110001001101111100010011011111000100011001100011111000010110010011011111000111011111001011111000100110111110001001101111100011101100101101111100010011011111000100110111110100110111100110
1100000100110001001101111101111110111110101111100010011011111000111000011100011111000100011111011011111000100110111110001001101111101110101110001101111100010011011111000100110111110000101100100110111110001110111110010111110001001101111100010011011111000100110011101110011000100011111011011111000100110111000101111000100110111110001001101111100010011011110111111100010011011111000100110111110001110111110010
111111000011011100110111110001110000111000111110001001101111100010011010001101001100010011001100011111100010011011111000100110111110001110111110100111110001001101111100010011011111000100011111011011111000100110111000101111000100110111110001001101111100010011011101101110101110011001100011111100010011011111010011110010011011111000100110111110001001101111100111000001001101111100010011011111000100110111000101111000100110
