1111100011101100101101111100010011011111000100110111110001001101111100010011011111000100110111110001001101111100010011011111000100110100011010011000100110
11110111111100010011011111000100110111110001001101111100010011011111000100110111110001001101111100010011011111000100110111110011111011100110
11111001110000010011011111000100110111110001001101111100010011011111000100110111110001001101111100010011011111000100110111110001011000111010
11111000101101000011011111000100110111110001001101111100010011011111000100110111110001001101111100010011011111000100110111110001001111100110
11111000100111111100011111000100110111110001001101111100010011011111000100110111110001001101111100010011011111000100110111110001001101100010
11000001001100010011011111000100110111110001001101111100010011011111000100110111110001001101111100010011011111000100110111111001111000100110
11111100001101110011011111000100110111110001001101111100010011011111000100110111110001001101111100010011011111000100110111110000101100100110
11111000010001111101011111000100110111110001001101111100010011011111000100110111110001001101111100010011011111000100110111110001000111110110
11111000100011001100011111000100110111110001001101111100010011011111000100110111110001001101111100010011011111000100110111110001001100110001
01110111001100010011011111000100110111110001001101111100010011011111000100110111110001001101111100010011011111000100110111011100110000100110
11101101110101110011011111000100110111110001001101111100010011011111000100110111110001001101111100010011011111000100110111110111010111000110
11111011111101111101011111000100110111110001001101111100010011011111000100110111110001001101111100010011011111000100110111110001110111110100
1111100011100001110001111100010011011111000100110111110001001101111100010011011111000100110111110001001101111100010011011111000100110111000111011000100110
10001101001100010011011111000100110111110001001101111100010011011111000100110111110001001101111100010011011111000100110111110100110111100110
11111001111101110011011111000100110111110001001101111100010011011111000100110111110001001101111100010011011111000100110111110001110111110010
1111100010110001110101111100010011011111000100110111110001001101111100010011011111000100110111110001001101111100010011011111000100110111000101111000100110
1111100010011111001101111100010011011111000100110111110001001101111100010011011111000100110111110001001101111100010011011111000100110111110100111100100110
11000101111100010011011111000100110111110001001101111100010011011111000100110111110001001101111100010011011111000100110111110001110110010110
11111100111100010011011111000100110111110001001101111100010011011111000100110111110001001101111100010011011111000100110111110001001101111011
1111100001011001001101111100010011011111000100110111110001001101111100010011011111000100110111110001001101111100010011011111000100110111110011100000100110
1111100010001111101101111100010011011111000100110111110001001101111100010011011111000100110111110001001101111100010011011111000100110111110001011010000110
01100011111100010011011111000100110111110001001101111100010011011111000100110111110001001101111100010011011111000100110111110001001111111000
1110111001100001001101111100010011011111000100110111110001001101111100010011011111000100110111110001001101111100010011011111000100110110000010011000100110
1111101110101110001101111100010011011111000100110111110001001101111100010011011111000100110111110001001101111100010011011111000100110111111000011011100110
1111100011101111101001111100010011011111000100110111110001001101111100010011011111000100110111110001001101111100010011011111000100110111110000100011111010
11100011101100010011011111000100110111110001001101111100010011011111000100110111110001001101111100010011011111000100110111110001000110011000
1111101001101111001101111100010011011111000100110111110001001101111100010011011111000100110111110001001101111100010011011111000100110011101110011000100110
1111100011101111100101111100010011011111000100110111110001001101111100010011011111000100110111110001001101111100010011011111000100110111011011101011100110
11100010111100010011011111000100110111110001001101111100010011011111000100110111110001001101111100010011011111000100110111110111111011111010
11111010011110010011011111000100110111110001001101111100010011011111000100110111110001001101111100010011011111000100110111110001110000111000
